       43
        8
        9
        2
        3
        8
        1
        8
        3
        5
        3
        8
        1
        9
        5
        5
        7
        9
        7
       10
        9
        5
        5
        8
       10
        7
        9
        6
        5
        4
       15
       11
        7
       10
        6
       17
        9
       10
       13
       14
       13
       17
       19
       10
       18
       16
       17
       22
       13
       21
       20
       19
       29
       20
       29
       23
       27
       26
       34
       38
       33
       36
       37
       38
       36
       56
       52
       61
       60
       60
       66
       65
       88
       91
      100
       95
       98
      118
      117
      139
      164
      157
      150
      151
      173
      196
      186
      228
      222
      217
      257
      239
      246
      299
      272
      297
      346
      309
      357
      373
      365
      386
      385
      416
      405
      394
      428
      455
      416
      459
      432
      457
      435
      448
      454
      440
      406
      457
      438
      418
      429
      426
      388
      363
      361
      357
      293
      333
      307
      263
      280
      303
      240
      229
      220
      175
      149
      164
      139
      113
      116
      109
       82
       94
       74
       74
       66
       40
       50
       34
       36
       23
       36
       25
       25
       24
       14
       22
       17
       15
       11
       11
       17
        7
        7
        4
        7
        7
       11
        4
        5
        5
        6
        5
        5
        6
        2
        5
        6
        9
        7
        5
        1
        7
        6
        4
        3
        6
        7
        3
        3
        9
        6
        5
        6
        5
        6
        2
        5
        4
        5
        7
        4
        9
        5
        5
        4
        5
        4
        3
        4
        8
        6
        8
        7
        7
        4
        6
        3
        8
        6
        8
        8
        6
        9
        7
        4
        9
        8
       13
       12
       12
        7
       15
        9
       12
       10
       10
       12
        9
       10
       11
       14
       16
       16
       16
       18
       27
       35
       17
       32
       33
       36
       43
       44
       43
       40
       48
       46
       56
       69
       66
       76
      100
       94
      112
      107
      150
      142
      142
      155
      165
      200
      202
      223
      241
      240
      292
      273
      303
      302
      362
      392
      392
      396
      420
      393
      418
      438
      454
      485
      454
      458
      503
      459
      430
      442
      435
      405
      387
      377
      370
      333
      289
      268
      265
      202
      207
      203
      171
      170
      133
      124
      108
       99
       82
       78
       63
       40
       53
       35
       37
       27
       18
       23
       12
       12
        8
       13
       11
        8
        4
        9
        4
        4
        6
        6
       12
        5
        7
        3
        8
        6
       10
        7
        9
        5
        1
        5
        6
        5
        9
        3
        7
        5
        4
        2
        7
        3
        2
        3
       10
        6
        8
       11
        6
        4
        4
        7
        2
        8
        5
        7
        5
       13
       12
        5
       11
        5
        7
       12
        6
        4
       13
       12
       13
        9
       11
       12
       15
       24
       14
       26
       26
       17
       30
       26
       32
       36
       30
       50
       42
       56
       53
       62
       88
       85
       94
      112
      134
      125
      149
      139
      183
      223
      217
      261
      272
      308
      330
      333
      378
      384
      428
      433
      433
      481
      505
      492
      444
      484
      485
      492
      474
      486
      458
      384
      401
      382
      328
      342
      279
      256
      253
      190
      154
      160
      122
       98
       71
       67
       51
       54
       37
       26
       30
       17
       19
       14
       12
        7
        6
        7
        5
        2
        4
        4
        4
        3
        3
        3
        1
        3
        3
        2
        2
        4
        4
        4
        2
        6
        2
        5
        6
        5
        6
        5
        4
        6
        2
        6
        6
        5
        8
        8
        8
        8
        7
        8
        6
        7
        7
        7
       12
        8
       10
       10
       11
       14
        8
       17
       22
        9
       14
       15
       26
       16
       21
       26
       27
       41
       55
       51
       48
       59
       86
       78
       89
       77
      118
      121
      143
      159
      196
      192
      253
      226
      312
      310
      318
      356
      365
      387
      411
      462
      501
      433
      485
      497
      531
      494
      463
      417
      416
      376
      340
      327
      290
      255
      205
      188
      153
      134
       97
       77
       57
       51
       45
       19
       24
       26
        9
       11
        9
       14
       11
        3
        4
        6
        1
        3
        3
        4
        4
        3
        2
        2
        3
        4
        6
        1
        3
        4
        0
        4
        5
        7
        3
        3
        4
        3
        8
        3
        6
        8
        5
        5
        7
        6
       11
        3
        8
        9
        6
        8
        5
        9
        9
       15
        8
       17
       13
       14
       23
       27
       22
       23
       28
       41
       48
       50
       66
       97
       70
       71
      110
      126
      150
      151
      174
      162
      216
      254
      289
      298
      368
      355
      432
      465
      437
      484
      532
      570
      572
      556
      576
      553
      566
      551
      503
      491
      413
      396
      314
      302
      244
      187
      169
      118
       86
       78
       65
       49
       30
       15
       14
        5
        7
        8
        5
        3
        5
        2
        4
        3
        1
        2
        3
        1
        3
        2
        3
        6
        3
        3
        3
        0
        2
        4
        3
        6
        3
        3
        2
        2
        2
        3
        8
        6
        4
        7
        6
        8
       10
        9
       11
       18
       17
       19
       15
       17
       22
       38
       41
       41
       45
       68
       60
       88
       72
       77
       93
      112
      132
      152
      149
      174
      186
      242
      250
      259
      272
      335
      346
      353
      462
      464
      455
      450
      510
      521
      537
      517
      523
      533
      485
      433
      440
      339
      317
      273
      240
      174
      128
      108
       69
       54
       40
       19
       13
        9
        8
        5
        1
        2
        0
        2
        0
        0
        0
        0
        0
        0
        0
        0
        0
        0
        0
        0
        1
        0
        0
        0
        1
        0
        0
        1
        1
        0
        0
        0
        0
        0
        0
        0
        0
        0
        0
        0
        0
        0
        1
        0
        0
        0
        0
        0
        0
        0
        0
        0
        0
        0
        0
        0
        0
        0
        0
        0
        0
        0
        0
        0
        0
        0
        0
        0
        0
        0
        0
        0
        0
        0
        0
        0
        0
        0
        0
        0
        0
        0
        0
        0
        0
        0
        0
        0
        0
        0
        0
        0
        0
        0
        0
        0
        0
        0
        0
        0
        0
        0
        0
        0
        0
        0
        0
        0
        0
        0
        0
        0
        0
        0
        0
        0
        0
        0
        0
        0
        0
        0
        0
        0
        0
        0
        0
        0
        0
        0
        0
        0
        0
        0
        0
        0
        0
        0
        0
        0
        0
        0
        0
        0
        0
        0
        0
        0
        0
        0
        0
        0
        0
        0
        0
        0
        0
        0
        0
        0
        0
        0
        0
        0
        0
        0
        0
        0
        0
        0
        0
        0
        0
        0
        1
        0
        0
        0
        0
        0
        0
        0
        0
        0
        0
        0
        0
        0
        0
        0
        0
        0
        0
        0
        0
        0
        0
        0
        0
        0
        0
        0
        0
        0
        0
        0
        0
        0
        0
        0
        0
        0
        0
        0
        0
        0
        0
        0
        0
        0
        0
        0
        0
        0
        0
        0
        0
        0
        0
        0
        0
        0
        0
        0
        0
        0
        0
        0
        0
        0
        0
        0
        0
        0
        0
        0
        0
        0
        0
        0
        0
        0
        0
        0
        0
