       84
        3
        5
        7
        7
        7
        3
        5
        3
        5
        5
        4
        3
        3
       11
        2
        7
        9
        5
        6
        7
        9
        7
       11
        6
        3
        7
        3
        7
       10
        5
        5
        7
        2
        4
        6
        7
       10
        1
        9
        4
        4
       11
        5
        4
        9
        4
        7
        4
        4
        4
        7
        1
        4
        4
        9
        6
        5
        3
        2
        6
        5
        5
        5
        9
        3
        3
        3
       11
        4
        4
        6
        5
        6
        4
        3
        4
        4
        4
        3
        7
        9
        1
        5
       10
        3
        3
        5
        2
        2
        4
        5
        7
        1
        2
        5
        5
        4
        5
        4
        0
        9
        7
       10
        4
       10
        7
        4
        2
        5
        4
        5
        8
        5
        4
        7
        5
        3
        2
        6
        4
        6
        7
        4
        7
        2
        5
        4
       11
        5
        7
        9
        4
        6
        3
        4
        4
       10
        3
        5
        4
       10
        5
        9
        2
        2
        5
        5
        6
        5
        6
        4
        5
        6
        6
        7
        8
        6
        5
        5
        5
        3
        7
        4
        4
        5
        4
        8
        3
        5
        7
        6
        5
        3
        6
        4
        5
        3
        5
        7
        7
        4
        4
        5
        3
        3
        8
        3
        3
        9
        3
        3
        5
        5
        5
        6
        4
        5
        7
        3
        4
        8
        9
        8
        9
        3
        7
        6
        7
        7
        4
       10
        7
        7
        3
        2
        7
        7
        5
        6
        4
        8
        5
        3
        3
        8
        4
        8
        8
        5
        4
        5
        5
        5
        8
        8
        7
        7
        7
        5
        3
        5
        4
       13
        6
        5
        3
        6
        5
       12
        4
        6
        5
        6
        7
        4
        7
        7
        5
        8
        4
        5
        8
        5
        7
       12
        2
        5
        7
        9
        9
        8
       14
       17
        4
        8
        7
        3
        6
       10
        3
        6
        3
       10
        7
        6
        6
       11
        4
        7
        7
        5
        7
        7
        5
        6
        8
        3
        6
       11
        7
        3
        6
        5
        8
        6
        5
        7
        6
        8
       14
        7
        8
        6
        5
        5
       10
        7
        4
        6
        4
        8
        8
        2
        2
        7
        6
        9
       10
        6
        8
        4
        8
        7
        5
       11
        4
       10
       13
       11
        1
       10
        3
       11
        6
       11
        6
       12
        7
        2
        4
        5
       11
        9
        5
       14
        9
        9
        7
        5
        6
        2
        2
       11
        9
        3
        7
        8
       10
        8
        8
        6
        8
       10
        9
        7
        7
       10
        6
        6
       13
       10
        6
       10
        5
        6
        4
        9
       11
        5
       10
        8
        6
        5
       11
       12
        6
        5
        5
        9
        7
        3
        6
        7
        7
        7
        7
        6
        9
        7
       13
       13
       10
       13
        8
        5
        9
        8
        6
        7
        7
        7
       10
       12
        8
       11
        8
        9
       12
        3
        8
        4
       10
        8
       15
        9
       10
        6
        8
        4
        8
        6
        9
        9
        6
        7
       12
        7
       12
        3
        5
        6
       10
        5
        9
        8
       13
       10
        6
       12
        4
        9
       12
        7
        5
        6
       11
        7
        7
        7
        7
        5
        8
        6
       10
        7
        6
       12
        4
       13
        9
       14
       10
        9
        3
       10
        4
        5
       12
        9
        9
        4
        5
        4
        6
        6
       14
       15
        7
        3
        9
        8
        9
        4
        9
        7
       12
        8
        8
       10
       13
        6
       14
        6
        6
        3
       10
        8
       11
        6
       17
       12
        7
        7
       12
        9
       11
       14
        3
        6
        8
        8
        5
       15
        9
        4
       13
       10
       12
       10
       10
       10
        8
       12
       10
       11
       12
        7
        5
       10
        7
        7
        8
       10
        7
        7
       11
       13
        8
        8
       12
        7
       13
       14
       13
        9
        7
       11
       12
        8
       11
        7
        5
        6
        7
       10
        6
        8
        9
        8
       14
       10
        9
        7
        8
       13
       10
       10
        8
        8
       11
       10
        8
        7
        8
        6
       10
       16
        7
        7
        7
       15
        4
        8
        9
        8
        8
       10
       10
        3
        9
       12
       12
        6
        7
        8
       12
       10
        8
        6
       10
        8
       11
       15
        8
        7
       11
       13
       10
        7
       13
       14
       12
       10
        5
       13
        9
       11
        6
       11
       11
       11
       13
        8
       12
        9
        7
        7
        9
       16
       12
       14
        6
       14
       12
       14
       11
        9
       15
       14
       11
       12
        6
       12
        6
       12
       16
       13
       13
       10
        8
       10
       13
        8
       10
       12
        9
       13
        9
        8
        8
        9
       18
       10
        9
       13
       12
       17
        8
       15
        8
       14
       12
       10
        8
       17
       15
       14
        9
       11
        9
        9
       12
       13
       20
        5
       11
       14
       13
       15
        9
       12
       13
       14
       11
       14
        7
       13
       19
       11
       15
       10
        8
       18
        9
       14
       11
       10
       16
       11
       12
       18
       10
       12
       12
        9
       13
        6
       11
       10
       10
       13
       10
       15
        8
       12
        8
        9
       13
       12
        9
       10
       14
       11
       14
       10
       12
       18
        9
        7
       21
        7
       12
       11
        7
       10
        7
       14
       17
       15
       13
       11
       12
       11
       19
       19
       10
       21
       11
       24
        9
       16
        7
       11
       18
       16
       11
       16
       22
        9
       16
       18
       15
       14
        8
       19
       12
       21
       12
       19
       11
       14
       17
       15
        8
       16
       11
       23
        9
       24
       12
       21
       13
       15
       22
       18
       16
       10
       17
       10
       19
       12
       17
       16
        9
       22
       10
       19
       15
       19
       13
       19
       19
       18
       17
       15
       23
       18
       15
       15
       17
       17
       22
       26
       21
       17
       18
        9
       23
       16
       19
        9
       27
       19
       19
       16
       16
       22
       24
       17
       14
       19
       22
       19
       15
       17
       20
       26
       16
       21
       20
       17
       16
       24
       27
       21
       29
       20
       35
       18
       26
       27
       24
       24
       24
       23
       23
       34
       21
       23
       27
       26
       31
       25
       35
       23
       25
       36
       23
       31
       24
       26
       24
       18
       30
       32
       26
       32
       27
       33
       33
       41
       32
       45
       35
       36
       35
       31
       41
       39
       53
       35
       49
       36
       46
       35
       35
       43
       48
       62
       54
       55
       52
       53
       60
       68
       59
       63
       82
       81
       67
       68
       95
       82
      104
      134
      177
      241
      364
      496
      514
      473
      373
      351
      325
      478
      746
     1320
     2210
     3248
     3842
     3827
     3205
     3197
     4663
     8891
    15185
    21340
    23196
    18819
    11086
     4948
     1652
      615
      294
      235
      179
      170
      147
      104
       59
       23
        8
        4
        0
        0
        2
        0
        0
        0
        0
        1
        4
        1
        0
        1
        2
        1
        0
        0
        0
        0
        2
        2
        3
        2
        3
        1
        3
        2
        2
        1
        4
        5
        4
        1
        4
        2
        1
        4
        3
        2
        2
        0
