        5
        0
        0
        0
        0
        0
        0
        0
        0
        0
        0
        0
        0
        0
        0
        0
        0
        0
        0
        0
        0
        0
        0
        0
        0
        0
        0
        0
       12
      121
      792
     3103
     6121
     6760
     4266
     1371
      269
       23
        1
        0
        0
        0
        0
        0
        0
        0
        0
        0
        0
        0
        1
        0
        0
        0
        0
        0
        0
        1
        0
        0
        0
        0
        0
        0
        0
        1
        0
        0
        0
        0
        0
        0
        0
        0
        0
        0
        0
        0
        0
        0
        0
        0
        0
        0
        1
        0
        0
        1
        0
        0
        0
        0
        0
        0
        1
        0
        0
        0
        0
        0
        0
        0
        0
        0
        0
        0
        0
        0
        0
        0
        0
        1
        0
        0
        0
        0
        0
        0
        0
        0
        0
        0
        1
        0
        0
        0
        0
        0
        0
        0
        0
        1
        2
       22
      278
     1546
     4841
     7512
     6514
     3043
      714
       99
        9
        0
        0
        0
        0
        0
        0
        0
        0
        0
        0
        0
        0
        0
        0
        0
        0
        0
        0
        0
        0
        0
        0
        0
        0
        0
        0
        0
        1
        0
        0
        0
        0
        1
        0
        0
        0
        0
        0
        0
        0
        0
        0
        0
        0
        0
        0
        0
        0
        0
        1
        0
        0
        0
        0
        0
        0
        0
        0
        0
        0
        0
        0
        0
        0
        1
        0
        0
        0
        0
        0
        0
        0
        0
        0
        0
        0
        0
        0
        0
        0
        0
        0
        1
        0
        0
        1
        0
        0
        0
        0
        0
        0
        0
        0
        0
        0
        0
        0
        0
        0
        0
        0
        0
        1
        0
        0
        0
        0
        0
        0
        0
        0
        0
        0
        0
        0
        0
        0
        0
        0
        0
        0
        0
        0
        0
        0
        0
        0
        1
        0
        0
        0
        0
        1
        0
        0
        0
        0
        0
        0
        0
        0
        0
        0
        0
        0
        0
        0
        0
        1
        0
        0
        0
        0
        1
        0
        0
        0
        0
        0
        0
        0
        0
        0
        0
        0
        0
        0
        1
        0
        0
        0
        0
        0
        0
        0
        0
        0
        0
        1
        0
        0
        0
        0
        0
        0
        0
        0
        0
        0
        0
        0
        0
        0
        0
        0
        0
        0
        0
        1
        0
        0
        0
        0
        1
        0
        0
        0
        0
        0
        0
        0
        0
        0
        0
        0
        0
        0
        0
        0
        1
        0
        0
        0
        0
        0
        0
        0
        0
        1
        0
        0
        0
        0
        1
        0
        0
        0
        1
        0
        0
        0
        0
        0
        0
        0
        0
        0
        0
        0
        0
        0
        0
        0
        1
        0
        0
        0
        0
        0
        0
        0
        0
        0
        0
        0
        1
        0
        0
        0
        0
        0
        0
        0
        0
        0
        0
        1
        1
        0
        0
        0
        1
        0
        0
        0
        0
        0
        0
        0
        0
        1
        0
        0
        0
        0
        1
        0
        0
        0
        0
        0
        0
        0
        2
       67
      528
     2222
     5385
     6867
     4765
     1748
      366
       38
        2
        0
        0
        0
        0
        0
        0
        0
        0
        0
        0
        0
        0
        0
        1
        0
        0
        0
        0
        0
        0
        0
        0
        0
        1
        0
        0
        0
        1
        1
        0
        0
        0
        0
        0
        0
        0
        0
        0
        0
        0
        1
        1
        0
        0
        0
        0
        0
        0
        1
        0
        0
        0
        0
        0
        0
        0
        0
        0
        0
        0
        0
        0
        1
        0
        0
        1
        0
        0
        0
        0
        0
        0
        1
        0
        0
        0
        0
        1
        1
        1
        0
        0
        0
        0
        0
        0
        1
        0
        0
        0
        0
        0
        0
        0
        1
        0
        0
        0
        1
        0
        0
        0
        0
        0
        0
        0
        0
        0
        0
        1
        0
        0
        0
        1
        0
        0
        0
        0
        0
        0
        0
        0
        0
        1
        0
        0
        1
        0
        0
        1
        0
        1
        0
        0
        0
        0
        0
        0
        1
        0
        0
        0
        0
        0
        0
        0
        0
        0
        0
        0
        0
        0
        0
        0
        1
        0
        0
        0
        1
        0
        1
        0
        0
        0
        0
        0
        0
        0
        0
        0
        0
        0
        0
        1
        0
        0
        0
        1
        0
        0
        0
        1
        0
        0
        0
        1
        0
        0
        0
        0
        0
        0
        1
        0
        0
        0
        0
        1
        0
        0
        0
        0
        0
        0
        0
        0
        0
        0
        0
        1
        0
        0
        0
        0
        0
        0
        0
        0
        0
        0
        0
        0
        0
        0
        0
        0
        1
        0
        0
        0
        0
        0
        0
        0
        0
        0
        1
        0
        1
        0
        0
        0
        0
        0
        0
        0
        1
        1
        1
        0
        0
        1
        0
        1
        0
        0
        0
        0
        0
        0
        0
        0
        0
        0
        0
        0
        0
        0
        0
        0
        0
        0
        0
        0
        0
        0
        1
        1
        0
        0
        0
        1
        0
        0
        0
        2
        1
        0
        0
        0
        0
        0
        0
        0
        0
        0
        0
        0
        0
        0
        0
        0
        0
        0
        0
        0
        0
        0
        0
        0
        1
        1
        0
        0
        0
        0
        0
        0
        0
        0
        0
        0
        0
        0
        0
        0
        1
        0
        0
        0
        0
        0
        0
        0
        0
        0
        0
        1
        0
        1
        0
        0
        1
        0
        1
        0
        1
        0
        2
        0
        0
        0
        0
        0
        0
        0
        0
        0
        0
        0
        0
        0
        0
        0
        0
        1
        0
        0
        0
        0
        0
        0
        2
        0
        1
        1
        0
        0
        2
        0
        0
        0
        1
        0
        1
        0
        0
        0
        0
        0
        1
        0
        0
        0
        2
        0
        0
        0
        0
        0
        0
        1
        0
        0
        1
        0
        1
        0
        0
        0
        1
        0
        0
        0
        0
        1
        0
        0
        0
        1
        0
        0
        0
        1
        1
        1
        1
        1
        0
        0
        0
        0
        0
        0
        1
        2
        2
        0
        1
        0
        1
        0
        0
        1
        2
        0
        0
        1
        0
        3
        0
        1
        1
        0
        2
        2
        2
        1
        0
        0
        1
        0
        0
        2
        1
        1
        1
        1
        0
        0
        0
        0
        0
        1
        0
        0
        0
        0
        1
        0
        1
        2
        1
        2
        2
        1
        2
        5
        2
        3
       10
        7
       13
        6
        9
        7
        2
        5
       16
       25
       44
       58
       58
       63
       43
       46
      104
      499
     3369
    10272
    12653
     6511
     1411
      120
       13
        3
        2
        0
        0
        3
        1
        1
        1
        1
        0
        0
        0
        0
        0
        0
        0
        0
        0
        0
        0
        0
        0
        0
        0
        0
        0
        0
        0
        1
        0
        0
        1
        0
        0
        0
        0
        0
        0
        0
        0
        0
        0
        0
        0
        0
        0
        0
        0
        0
        0
        0
